((("end12" .
   [1 0 0 0 0])
  ("end11" .
   [1 0 0 0 0])
  ("end10" .
   [1 0 0 0 0])
  ("end9" .
   [1 0 0 0])
  ("end8" .
   [1 0 0 0])
  ("end7" .
   [1 0 0 0])
  ("print" .
   [0 0 0 0 1])
  ("end6" .
   [1 0 0 0])
  ("end5" .
   [1 0 0 0])
  ("end4" .
   [1 0 0 0])
  ("end2" .
   [1 0 0 0])
  ("end1" .
   [2 0 0 0])
  ("end3" .
   [1 0 0 1])
  ("require" .
   [1 0 0 0 0 0 0])
  ("farmhouse-theme" .
   [0 0 0 0 1 0 0 0 0 0 0 0 0 0 0])
  ("add-hook" .
   [0 0 0 0 0 0 0 1])
  ("org-mode-hook" .
   [0 0 0 0 0 0 1 0 0 0 0 0 0])
  ("org-" .
   [0 0 0 1])))
